Split: test
MAE: 8492.193359
MSE: 167231952.000000
MRE: 15.893891
MAPE: 15.893891
R2: 0.914973
RMSE: 12931.819336
