Split: test
MAE: 6929.964355
MSE: 116639672.000000
MRE: 12.239860
MAPE: 12.239860
R2: 0.940696
RMSE: 10799.984375
